11880
24274
24859
2596
7607
21401
3417
23459
30572
26845
2326
25120
4022
1639
27505
18779
27227
30148
4202
21090
26855
16868
11197
17539
17987
16423
21617
32259
28230
30313
27618
24353
156
32253
13124
29752
6336
2752
9292
2705
19821
14484
25452
18952
28935
17729
27807
26625
29536
9936
22807
10866
3928
25984
22825
21105
2523
26962
28573
1212
26189
21450
28458
20996
19382
7143
6303
21480
27145
15483
23457
15404
5152
32289
8737
6129
19346
1870
17421
15999
26333
22156
27030
25434
30482
31566
7375
29454
21368
31571
19245
16377
27275
22424
29449
3322
17362
24554
11954
17347
13457
16539
14669
4152
27045
6633
462
32666
28950
4106
472
27704
14666
31145
10220
31208
7790
10538
3630
7565
124
25646
29334
8715
20245
12752
23057
14286
23353
6358
3937
25477
6118
21521
12168
11209
22905
28149
9826
2478
1815
28858
14885
2761
32174
23956
3225
10806
24409
23146
7912
24069
19121
28031
21533
8899
19741
27358
833
25032
31732
22679
18336
1210
7491
28559
25048
25398
5688
13938
15290
13406
2736
29690
31917
23479
11954
4225
6205
24527
1624
20699
11431
13371
10736
5637
5356
27203
6857
13555
16049
7671
30426
11045
18837
19621
18726
31046
1384
5858
18063
3210
20794
6421
30432
29121
13627
15045
18623
28703
17128
26724
2033
18380
29394
5647
13745
19996
8208
15929
550
31920
17122
26555
16416
12850
32495
28114
12394
2169
22380
8392
15936
28518
22903
18584
29139
14569
7163
18576
28550
26842
17528
15847
17926
15216
31149
10093
28035
26743
26471
1570
32655
17724
25263
6762
17488
28989
12376
28564
1881
16243
5999
29911
7070
8090
18791
15892
16813
4174
15839
21248
4059
17309
16223
2677
22628
22955
4584
16724
10661
25205
31549
23457
24448
3145
26608
31459
11704
8631
17039
24997
23394
7199
3755
27512
10839
30302
25790
1157
19273
13341
5342
14757
8319
6201
23045
27618
29029
21186
12778
20374
723
817
4698
15621
21242
21417
31250
24699
22911
15796
25286
17138
22240
16597
16313
10816
27266
14907
19135
14370
892
13045
16966
22658
9049
26683
10514
2484
21937
5499
4628
23819
10887
9607
22360
7064
15217
18943
20633
2674
4652
19231
184
11847
9586
32645
9181
28488
27559
27708
32073
2545
9973
19600
9940
23868
18220
21345
27298
8678
14348
3744
1544
24200
26308
7782
25733
20752
19363
12883
28189
11231
25771
9738
5952
20024
15914
17703
32723
7085
2035
5564
215
31996
15195
21964
25979
9021
6194
5559
23997
1539
3678
28633
10555
1999
26152
537
19650
8094
27344
11047
19638
11138
10806
2624
3355
996
22968
26546
24835
3151
5789
11189
849
25330
2980
20638
27840
5159
19208
32205
31154
23498
3217
15440
21007
10092
9661
20056
27778
582
18508
5379
29372
26599
10034
27374
13129
9778
19697
16476
19120
16886
29019
15352
30783
10091
10331
28010
19923
27434
2332
20888
21203
17171
11287
23438
5356
1449
12911
31187
2799
14979
15159
7268
16650
30732
18348
15370
13988
31053
9997
14113
1348
11011
31637
20562
12582
11880
23008
3851
10069
13311
19881
18866
4152
4160
8474
11830
30095
10457
5380
13729
4854
11521
20400
5800
617
13645
13626
30594
8936
18113
6695
21514
3455
27566
7152
22841
11484
29838
15591
31558
15966
12560
22073
6094
13479
30419
18226
10245
25741
32446
14441
374
20436
10908
2867
26574
31803
18847
31778
18127
8072
21710
30126
637
8053
17416
17939
28831
26553
9289
7241
21006
23898
16083
6557
542
24358
10675
4923
30600
23832
31648
8298
6802
28801
28167
1028
12869
5602
14740
27049
29293
27176
13765
6502
12102
6609
11525
1476
23834
11413
23081
14384
6777
30973
11918
27643
869
22917
20626
31166
27017
29429
20220
4701
2386
23198
11835
21746
7138
32553
382
8566
29164
13360
30376
1430
7961
25282
25126
14600
20540
11925
15020
2632
27899
7592
11396
16436
19886
31845
4411
3830
21872
7112
5513
464
15199
8386
30009
3452
15963
26688
12688
24844
15831
6881
1675
17352
32031
25702
32363
12320
20927
7619
14372
25255
25906
5693
18581
22475
21262
25128
29673
12140
2341
31423
13915
20524
31985
29724
24503
9449
32097
447
16213
29155
25528
14391
14619
13884
31276
1515
10905
5612
28215
24742
20293
24880
26968
21034
16778
23176
19264
19089
14502
9267
196
19475
22218
20633
6051
15176
10409
14625
2143
31971
19391
2732
31281
15252
22182
6737
32536
31193
24926
9692
18506
9748
6768
17127
21285
2234
25791
18487
13534
3353
27738
7936
11726
29632
5387
28458
2337
10298
31707
365
32315
7437
5941
23599
13411
15916
2034
10179
16450
14178
19048
29694
540
10850
15858
29834
17633
15358
27626
14460
2907
30547
22728
3576
7026
4114
10837
4105
25808
11924
31335
32241
8241
5052
19444
9530
22837
18189
19557
20424
20814
1774
27206
25109
9612
20618
26552
26024
6788
20797
1748
28435
25398
8256
166
8779
11409
4489
25156
11309
30522
13597
15924
22721
19287
16119
25722
4594
30728
14052
22477
3021
29098
21755
10750
16449
20430
21865
2310
3926
7135
11322
10780
27718
29385
14025
17287
16225
10897
12124
9660
11898
32086
29694
29829
6703
23087
3200
29800
31504
18384
9177
13712
9611
6277
9457
20891
32305
26837
28502
24373
16274
6116
11361
10485
13451
26118
9397
9562
1620
1538
29718
5661
6049
3724
16284
26882
14209
22523
20465
27458
19829
12773
11359
14867
32058
12977
1972
16112
8052
17435
31636
26127
22266
16062
20077
23243
27315
27414
786
10372
8836
17061
12352
29509
27443
13627
32548
1535
9468
15963
30195
27068
6902
11594
10273
26661
26232
32289
9725
8531
5193
8117
518
17495
14435
19628
31168
31693
7024
16633
10362
5325
5919
4014
1720
3699
26277
3773
11205
29016
25768
5237
22645
18757
20222
5037
19492
12420
17553
7514
13714
11508
5290
3778
22450
18438
10111
9106
14495
29906
19691
29180
6618
12946
26065
18203
18325
22681
18672
8965
2518
17855
29434
12664
18007
25302
15493
18407
12940
696
17039
26273
6241
27203
1778
30461
21181
21980
29172
22617
20532
24320
3545
14801
24755
11577
13088
23194
7224
11252
10841
23101
11901
3876
11006
13458
28211
6504
15133
19262
5325
24791
3103
11026
16167
32272
